Uden  (848,1433)  (802,1462)  (802,1416)  (893,1479)  (848,1387)  (894,1387)  (894,1433)  (756,1440)  (756,1394)  (939,1479)  (940,1377)  (940,1423)  (710,1427)  (710,1381)  (985,1469)  (986,1377)  (986,1423)
N10  (721,2313)  (675,2358)  (675,2312)  (766,2359)  (721,2267)  (767,2267)  (767,2313)  (673,2266)  (629,2336)  (812,2359)  (813,2241)  (813,2287)  (627,2290)
N11  (1051,2249)  (1005,2294)  (1005,2248)  (1061,2203)  (1097,2249)  (1107,2193)  (959,2306)  (959,2260)  (1143,2239)  (1153,2182)  (913,2312)  (913,2266)
N12  (1097,2359)  (1051,2401)  (1051,2355)  (1143,2324)  (1143,2370)  (1005,2401)  (1189,2307)  (1189,2353)  (1189,2399)  (959,2401)  (1235,2348)  (1235,2394)  (913,2401)
Valkenswaard  (872,2526)  (826,2571)  (826,2525)  (917,2572)  (872,2480)  (918,2480)  (918,2526)  (824,2479)  (871,2617)  (825,2617)  (780,2571)  (780,2525)  (963,2572)  (964,2451)  (964,2497)  (778,2479)  (734,2586)  (734,2540)  (1009,2543)  (1010,2451)  (1010,2497)  (732,2494)  (688,2560)  (1055,2543)  (1056,2451)  (1056,2497)  (686,2514)  (686,2468)  (1101,2543)  (1102,2451)  (1102,2497)  (1148,2451)  (1148,2497)  (1194,2451)  (1194,2497)  (1240,2451)  (1240,2497)  (1286,2500)
Wageningen  (941,485)  (895,524)  (895,478)  (986,531)  (987,458)  (849,502)  (1032,504)  (1033,458)  (803,486)  (1079,458)
N14  (1712,1985)  (1666,2030)  (1666,1984)  (1757,2031)  (1712,1939)  (1758,1939)  (1758,1985)  (1664,1938)  (1711,2076)  (1665,2076)  (1620,2030)  (1620,1984)  (1803,2031)  (1803,2077)  (1757,2077)  (1619,2077)  (1710,1893)  (1756,1893)  (1802,1893)  (1804,1939)  (1804,1985)  (1618,1938)  (1624,1892)  (1848,1857)  (1574,2031)  (1574,1985)  (1849,2031)  (1849,2077)  (1640,2123)  (1594,2123)  (1573,2077)  (1706,1847)  (1752,1847)  (1798,1847)  (1850,1903)  (1850,1949)  (1572,1939)  (1528,2031)  (1528,1985)
N13  (1376,2160)  (1330,2205)  (1330,2159)  (1421,2206)  (1376,2114)  (1422,2114)  (1422,2160)  (1329,2113)  (1375,2251)  (1329,2251)  (1284,2205)  (1284,2159)  (1283,2252)  (1390,2068)  (1436,2068)  (1468,2114)  (1468,2160)  (1303,2298)  (1514,2139)
N16  (506,2030)  (460,2075)  (460,2029)  (526,2076)  (506,1984)  (552,1984)  (552,2030)  (458,1983)  (414,2105)  (598,1971)  (598,2017)
N15  (217,2032)  (171,2077)  (171,2031)  (262,2078)  (217,1986)  (263,1986)  (263,2032)  (169,1985)  (125,2105)  (125,2059)  (308,2078)  (309,1964)  (309,2010)  (123,2013)  (123,1967)  (354,2056)  (355,1967)
N18  (865,2148)  (819,2182)  (819,2136)  (894,2102)  (911,2148)  (940,2083)  (773,2177)  (773,2131)  (957,2129)
N17  (759,2001)  (713,2046)  (713,2000)  (804,2047)  (759,1955)  (805,1955)  (805,2001)  (850,2047)  (851,1975)  (896,2021)
N19  (1132,1885)  (1086,1921)  (1086,1875)  (1177,1931)  (1132,1839)  (1178,1839)  (1178,1885)  (1076,1829)  (1131,1967)  (1040,1880)  (1151,1793)
101st Reinforcements  (46,1581)  (89,1582)
N7  (1775,2310)  (1729,2355)  (1729,2309)  (1820,2356)  (1775,2264)  (1821,2264)  (1821,2310)  (1727,2263)  (1774,2401)  (1728,2401)  (1683,2355)  (1683,2309)  (1861,2402)  (1682,2402)  (1773,2218)  (1819,2218)  (1681,2263)  (1681,2217)  (1727,2217)  (1815,2447)  (1769,2447)  (1723,2448)  (1677,2448)  (1773,2172)  (1819,2172)  (1695,2171)
N6  (1476,2391)  (1430,2436)  (1430,2390)  (1521,2437)  (1476,2345)  (1522,2345)  (1522,2391)  (1428,2344)  (1475,2482)  (1429,2482)  (1384,2436)  (1384,2390)  (1567,2437)  (1383,2483)  (1474,2299)  (1520,2299)  (1566,2299)  (1568,2345)  (1568,2391)  (1382,2344)  (1612,2255)  (1338,2437)  (1338,2391)  (1613,2437)  (1373,2529)  (1510,2253)  (1556,2253)  (1602,2209)
N9  (490,2291)  (444,2336)  (444,2290)  (535,2337)  (490,2245)  (536,2281)  (442,2244)  (489,2382)  (443,2382)  (575,2383)  (488,2199)  (431,2198)
N8  (225,2292)  (179,2337)  (179,2291)  (270,2338)  (225,2246)  (271,2246)  (271,2292)  (177,2245)  (224,2383)  (178,2383)  (133,2337)  (133,2291)  (316,2338)  (316,2384)  (270,2384)  (132,2384)  (223,2200)  (269,2200)  (315,2200)  (317,2246)  (317,2292)  (131,2245)  (131,2199)  (177,2199)  (361,2156)  (87,2338)  (87,2292)  (362,2338)  (362,2384)  (86,2400)  (363,2202)  (363,2248)
N1  (743,2788)  (697,2833)  (697,2787)  (788,2834)  (743,2742)  (789,2742)  (789,2788)  (695,2741)  (742,2879)  (696,2879)  (651,2830)  (834,2834)  (834,2880)  (788,2880)  (741,2696)  (787,2696)  (835,2721)  (835,2767)  (649,2784)  (649,2738)  (695,2695)  (646,2692)  (692,2649)  (628,2646)
N3  (1574,2694)  (1528,2739)  (1528,2693)  (1619,2740)  (1574,2648)  (1620,2648)  (1620,2694)  (1526,2647)  (1573,2785)  (1527,2785)  (1482,2739)  (1482,2693)  (1665,2740)  (1665,2786)  (1619,2786)  (1572,2602)  (1618,2602)  (1664,2602)  (1666,2648)  (1666,2694)  (1480,2647)  (1480,2601)  (1526,2601)  (1710,2558)  (1573,2831)  (1527,2831)  (1436,2707)  (1711,2740)  (1667,2832)  (1621,2832)  (1572,2556)  (1618,2556)  (1664,2556)  (1712,2604)  (1712,2650)  (1434,2661)  (1434,2615)  (1464,2555)  (1510,2555)  (1756,2525)  (1575,2877)  (1667,2878)  (1621,2878)  (1758,2571)  (1758,2617)  (1758,2663)  (1388,2630)  (1802,2525)  (1804,2571)  (1804,2617)
N2  (1135,2778)  (1089,2823)  (1089,2777)  (1180,2824)  (1135,2732)  (1181,2732)  (1181,2778)  (1087,2731)  (1134,2869)  (1088,2869)  (1043,2823)  (1043,2777)  (1226,2824)  (1226,2870)  (1180,2870)  (1042,2870)  (1133,2686)  (1179,2686)  (1225,2686)  (1227,2732)  (1227,2778)  (1041,2731)  (1041,2685)  (1087,2685)  (1271,2642)  (997,2824)  (997,2778)  (1272,2824)  (1272,2870)  (996,2898)  (1133,2640)  (1179,2640)  (1225,2640)  (1273,2688)  (1273,2734)  (995,2732)  (995,2686)  (1016,2639)  (1062,2639)  (1271,2596)  (1317,2621)  (951,2852)  (951,2806)  (1318,2780)  (1318,2826)  (1318,2872)  (950,2898)  (1155,2594)  (1201,2594)  (1319,2667)  (1319,2713)  (949,2760)  (949,2714)  (905,2852)  (905,2806)  (1364,2759)  (1364,2805)  (1364,2851)  (1364,2897)  (904,2898)  (903,2760)  (903,2714)  (1410,2800)  (1410,2846)  (1410,2892)  (1456,2873)
N5  (477,2554)  (431,2599)  (431,2553)  (522,2600)  (477,2508)  (523,2508)  (523,2554)  (429,2507)  (476,2645)  (559,2646)  (475,2462)  (521,2462)  (567,2462)  (569,2508)  (569,2554)  (383,2534)  (383,2488)  (429,2461)  (337,2461)
N4  (190,2569)  (144,2614)  (144,2568)  (235,2615)  (190,2523)  (236,2523)  (236,2569)  (142,2522)  (189,2660)  (143,2660)  (98,2614)  (98,2568)  (281,2615)  (281,2661)  (235,2661)  (97,2661)  (188,2477)  (234,2477)  (282,2501)  (282,2547)  (96,2522)  (96,2476)  (142,2476)  (327,2593)  (327,2639)  (373,2646)
Bennekom  (864,342)  (818,387)  (818,341)  (909,388)  (864,296)  (910,296)  (910,342)  (816,295)  (772,408)  (772,362)  (955,388)  (956,277)  (956,323)  (770,316)  (726,408)  (726,362)  (1001,369)  (1002,277)  (1002,323)  (724,316)  (680,404)  (1047,369)  (1048,277)  (1048,323)  (678,358)  (678,312)  (634,413)  (632,367)  (632,321)  (588,423)  (586,377)  (586,331)  (586,285)  (556,471)  (542,425)  (540,379)  (540,333)  (540,287)  (496,459)  (494,413)  (494,367)  (494,321)
Best  (448,1870)  (402,1913)  (402,1867)  (493,1916)  (494,1861)  (398,1821)  (539,1907)  (352,1828)  (352,1782)  (585,1888)  (306,1755)
N71  (376,150)  (330,195)  (330,149)  (421,196)  (376,104)  (422,104)  (422,150)  (328,103)  (284,227)  (284,181)  (467,196)  (468,86)  (468,132)  (282,135)  (282,89)  (238,227)  (238,181)  (513,178)  (513,224)  (514,86)  (514,132)  (236,135)  (236,89)  (192,227)  (192,181)  (559,178)  (559,224)  (560,86)  (560,132)  (190,135)  (190,89)  (146,227)  (146,181)  (605,178)  (605,224)  (606,86)  (606,132)  (144,135)  (144,89)  (100,227)  (100,181)  (651,178)  (651,224)  (652,86)  (652,132)  (98,135)  (98,89)  (697,178)  (697,224)  (698,86)  (698,132)
N70  (243,402)  (197,447)  (197,401)  (288,448)  (243,356)  (289,356)  (289,402)  (195,355)  (151,489)  (151,443)  (334,448)  (334,494)  (241,310)  (287,310)  (333,310)  (335,356)  (335,402)  (149,397)  (149,351)  (195,309)  (146,305)  (379,277)  (380,448)  (381,323)  (381,369)
Grave  (1130,1193)  (1084,1231)  (1084,1185)  (1175,1239)  (1075,1139)  (1221,1225)  (1029,1169)  (1029,1123)  (1267,1235)
Eindhoven  (612,2152)  (566,2159)  (641,2198)  (587,2106)  (633,2106)  (658,2152)
Oosterbeek  (1376,424)  (1330,456)  (1330,410)  (1422,393)  (1422,439)
N69  (1164,264)  (1118,303)  (1118,257)  (1209,310)  (1164,218)  (1210,218)  (1210,264)  (1131,172)
N68  (1199,428)  (1153,444)  (1153,398)  (1245,470)
Ede  (906,158)  (860,203)  (860,157)  (951,204)  (906,112)  (952,112)  (952,158)  (858,111)  (814,227)  (814,181)  (997,204)  (998,86)  (998,132)  (812,135)  (812,89)  (768,227)  (768,181)  (1043,178)  (1043,224)  (1044,86)  (1044,132)  (766,135)  (766,89)  (1090,86)
N64  (1471,232)  (1425,253)  (1516,278)  (1462,186)  (1508,186)  (1517,232)
N65  (1479,100)  (1433,97)  (1525,86)
N66  (1342,316)  (1296,343)  (1296,297)  (1388,310)  (1284,251)
N67  (1280,133)  (1234,144)  (1234,98)  (1325,179)  (1280,87)  (1326,87)  (1326,133)  (1188,118)  (1372,134)
N60  (1642,736)  (1596,764)  (1596,718)  (1678,782)  (1688,713)  (1550,708)
N61  (1790,558)  (1744,603)  (1744,557)  (1835,604)  (1790,512)  (1836,512)  (1836,558)  (1742,511)  (1789,649)  (1698,602)  (1861,650)  (1788,466)  (1834,466)  (1696,556)  (1696,510)  (1815,695)  (1861,696)  (1861,742)
N62  (1754,330)  (1708,375)  (1708,329)  (1800,291)  (1833,245)  (1691,421)  (1662,375)  (1846,291)  (1845,199)
N63  (1547,358)  (1501,375)  (1593,357)
Nijmegen  (1467,936)  (1421,959)  (1421,913)  (1486,982)  (1467,890)  (1513,903)
A2  (46,370)  (90,370)
N59  (1584,626)
A1  (49,328)  (80,327)
A4  (56,475)
N57  (1373,738)  (1327,755)  (1327,709)  (1418,784)  (1419,705)  (1281,754)  (1281,708)  (1464,751)  (1464,797)  (1235,722)
N58  (1477,608)  (1488,654)  (1459,562)
A3  (31,472)
A6  (96,476)
A5  (69,470)
A7  (114,473)
N52  (840,649)  (794,690)  (794,644)  (886,632)  (788,598)  (748,708)  (748,662)  (932,643)  (742,616)  (742,570)  (978,644)
N51  (521,652)  (475,697)  (475,651)  (566,698)  (521,606)  (567,606)  (567,652)  (473,605)  (520,743)  (429,678)  (612,698)  (596,744)  (580,560)  (613,606)  (613,652)  (427,632)  (470,559)  (626,547)  (658,698)  (672,505)
N50  (302,801)  (256,846)  (256,800)  (347,847)  (302,755)  (348,755)  (348,801)  (254,754)  (301,892)  (255,892)  (210,846)  (210,800)  (393,847)  (393,893)  (347,893)  (300,709)  (346,709)  (394,747)  (394,793)  (208,754)  (208,708)  (254,708)  (301,938)  (164,805)  (439,839)  (439,885)  (439,931)  (393,939)  (347,939)  (300,663)  (346,663)  (440,790)  (162,759)  (162,713)  (162,667)  (208,662)  (254,662)  (121,621)  (485,836)  (485,882)  (485,928)  (433,985)  (300,617)  (167,616)  (213,616)  (531,835)  (209,570)
N56  (1310,633)  (1264,649)  (1356,623)
N55  (1348,557)  (1394,528)
Hertogenbosch  (470,1351)  (424,1359)  (424,1313)  (515,1397)  (470,1305)  (516,1329)  (407,1267)  (378,1336)  (561,1375)  (561,1421)  (361,1290)  (606,1467)  (607,1403)
N54  (1116,690)  (1070,690)  (1162,664)  (1170,710)
Roermond  (1804,2829)  (1758,2874)  (1758,2828)  (1849,2875)  (1804,2783)  (1850,2783)  (1850,2829)  (1837,2737)
N53  (1120,598)  (1166,562)  (1166,608)
B5  (79,1210)
N46  (694,871)  (648,916)  (648,870)  (694,825)  (740,825)  (740,871)  (639,962)  (602,916)  (786,786)  (786,832)  (786,878)  (832,841)  (832,887)
B4  (54,1207)
N47  (365,1117)  (319,1162)  (319,1116)  (384,1163)  (365,1071)  (411,1085)  (317,1070)  (309,1208)
B3  (28,1214)
N48  (189,1132)  (229,1178)  (183,1178)  (146,1086)  (192,1086)
B2  (45,1113)  (93,1112)
N49  (110,893)  (155,939)  (109,939)  (86,847)  (201,973)  (155,985)  (86,801)
B6  (106,1210)
H.Q.  (338,2803)  (292,2848)  (292,2802)  (383,2849)  (338,2757)  (384,2757)  (384,2803)  (290,2756)  (337,2894)  (291,2894)  (246,2848)  (246,2802)  (429,2849)  (429,2895)  (383,2895)  (245,2895)  (430,2713)  (430,2759)  (244,2756)  (200,2849)  (200,2803)  (475,2805)  (475,2851)  (475,2897)  (199,2898)  (476,2713)  (476,2759)  (198,2757)  (154,2852)  (154,2806)  (521,2805)  (521,2851)  (521,2897)  (153,2898)  (522,2713)  (522,2759)  (152,2760)  (152,2714)  (108,2852)  (108,2806)  (567,2805)  (567,2851)  (567,2897)  (107,2898)  (568,2713)  (568,2759)  (106,2760)  (106,2714)
Arnhem  (1562,488)  (1516,505)  (1592,534)  (1536,442)  (1582,442)  (1608,488)
Helmond  (998,1989)  (952,1974)  (1043,2035)  (998,1943)  (1044,1983)  (936,1928)  (1089,2059)  (1043,2081)  (890,1916)  (1113,2105)  (918,1870)  (1067,2127)
1st Reinforcements  (47,414)  (88,420)
N41  (1446,1112)
N40  (1542,1065)
N43  (1259,1047)  (1213,1092)  (1213,1046)  (1304,1093)  (1259,1001)  (1305,1001)  (1305,1047)  (1211,1000)  (1258,1138)  (1350,1093)  (1257,955)  (1303,955)  (1206,954)
B1  (48,1059)  (83,1062)
N42  (1359,929)
N45  (1054,839)  (1008,884)  (1008,838)  (1099,885)  (1054,793)  (1100,793)  (1100,839)  (1006,792)  (962,874)  (1145,885)  (1146,794)  (960,828)  (960,782)  (1191,840)  (1191,886)  (914,836)  (914,790)  (1237,844)  (1237,890)  (1283,844)  (1283,890)
N44  (1078,982)  (1032,949)  (1123,1028)  (1077,1028)  (1124,942)
N39  (1601,1222)  (1555,1237)  (1555,1191)  (1646,1268)
C4  (67,1637)
N37  (1794,945)  (1748,990)  (1748,944)  (1839,991)  (1794,899)  (1840,899)  (1840,945)  (1746,898)  (1793,1036)  (1747,1036)  (1861,1037)  (1792,853)  (1838,853)  (1743,852)  (1815,1082)  (1861,1083)
C3  (31,1634)
N38  (1609,936)  (1654,982)  (1608,982)  (1575,890)  (1655,900)  (1572,844)
N35  (1797,1465)  (1751,1510)  (1751,1464)  (1842,1511)  (1797,1419)  (1843,1419)  (1843,1465)  (1749,1418)  (1796,1556)  (1861,1557)  (1795,1373)  (1841,1373)  (1703,1426)  (1703,1380)  (1749,1372)  (1861,1603)  (1711,1326)  (1861,1649)  (1861,1695)
C5  (100,1637)
N36  (1817,1221)  (1771,1262)  (1771,1216)  (1861,1267)  (1817,1175)  (1861,1313)
Groesbeek  (1667,1110)  (1708,1156)  (1639,1064)
N34  (1404,1256)  (1358,1277)  (1358,1231)  (1449,1302)  (1404,1210)  (1450,1239)
N33  (1562,1397)  (1607,1443)  (1561,1443)  (1531,1351)  (1577,1351)
C1  (48,1486)  (87,1485)
N32  (1499,1563)  (1453,1608)  (1453,1562)  (1544,1609)  (1499,1517)  (1545,1517)  (1545,1563)  (1451,1516)  (1407,1617)  (1407,1571)  (1590,1609)  (1591,1503)  (1591,1549)  (1405,1525)  (1361,1617)  (1361,1571)  (1636,1595)  (1637,1503)  (1637,1549)  (1359,1525)  (1682,1595)
C2  (45,1536)  (89,1534)
N31  (1113,1564)  (1067,1609)  (1067,1563)  (1158,1610)  (1113,1518)  (1159,1518)  (1159,1564)  (1065,1517)  (1021,1617)  (1021,1571)  (1204,1610)  (1205,1503)  (1205,1549)  (975,1617)  (975,1571)  (1250,1595)  (1251,1503)  (1251,1549)  (929,1598)
N30  (1218,1386)  (1172,1431)  (1172,1385)  (1263,1432)  (1218,1340)  (1264,1340)  (1264,1386)  (1170,1339)  (1126,1453)  (1126,1407)  (1309,1432)  (1310,1328)  (1310,1374)  (1124,1361)  (1080,1454)  (1080,1408)  (1355,1420)  (1356,1367)  (1401,1413)  (1447,1396)  (1447,1442)
N28  (801,1106)  (755,1151)  (755,1105)  (835,1152)  (801,1060)  (847,1060)  (847,1106)  (753,1059)  (709,1172)  (709,1126)  (809,1014)  (855,1014)  (893,1060)  (893,1106)  (707,1080)  (707,1034)  (901,1006)  (939,1052)  (947,1000)
N29  (837,1263)  (791,1308)  (791,1262)  (882,1309)  (837,1217)  (883,1217)  (883,1263)  (745,1327)  (745,1281)  (745,1235)  (928,1309)  (929,1186)  (929,1232)  (699,1327)  (699,1281)  (699,1235)  (974,1278)  (974,1324)  (975,1213)  (1020,1264)  (1020,1310)
N24  (1019,1727)  (973,1772)  (973,1726)  (1035,1773)  (1019,1681)  (1065,1681)  (1065,1727)  (971,1680)  (989,1818)  (927,1778)  (927,1732)  (1111,1667)  (1111,1713)  (925,1686)  (881,1736)  (1157,1667)  (1157,1713)
N25  (1309,1749)  (1263,1794)  (1263,1748)  (1354,1795)  (1309,1703)  (1355,1703)  (1355,1749)  (1261,1702)  (1400,1795)  (1401,1726)  (1446,1786)
N26  (200,1506)  (154,1551)  (154,1505)  (245,1552)  (200,1460)  (246,1460)  (246,1506)  (152,1459)  (199,1597)  (153,1597)  (291,1552)  (291,1598)  (245,1598)  (198,1414)  (244,1414)  (292,1442)  (292,1488)  (106,1419)  (152,1413)  (86,1373)  (199,1643)  (153,1643)  (337,1566)  (337,1612)  (291,1644)  (245,1644)  (198,1368)  (244,1368)  (132,1367)  (107,1671)  (86,1327)  (199,1689)  (153,1689)  (320,1690)  (274,1690)  (178,1322)  (224,1322)  (132,1321)  (86,1281)  (132,1275)
82nd Reinforcements  (50,1160)  (90,1160)
Schijndel  (507,1605)  (461,1650)  (461,1604)  (552,1651)  (507,1559)  (553,1559)  (553,1605)  (459,1558)  (506,1696)  (460,1696)  (415,1650)  (557,1697)  (414,1697)  (505,1513)  (599,1562)  (599,1608)  (419,1512)  (373,1499)  (511,1742)  (465,1742)  (465,1467)  (419,1466)  (361,1453)  (351,1407)
N27  (569,1185)  (523,1230)  (523,1184)  (614,1231)  (569,1139)  (615,1139)  (615,1185)  (522,1138)  (568,1276)  (477,1215)  (631,1277)  (568,1093)  (614,1093)  (631,1323)  (572,1047)
Veghel  (772,1588)  (726,1586)  (817,1634)  (772,1542)  (818,1563)  (723,1540)  (863,1620)  (829,1680)  (690,1494)
Apeldoorn  (1688,165)  (1642,210)  (1642,164)  (1733,211)  (1688,119)  (1734,119)  (1734,165)  (1640,118)  (1666,256)  (1620,256)  (1596,210)  (1596,164)  (1780,86)  (1780,132)  (1780,178)  (1594,118)  (1826,86)
Gemert  (1314,1970)  (1268,2015)  (1268,1969)  (1344,2016)  (1314,1924)  (1360,1924)  (1360,1970)  (1266,1923)  (1283,2061)  (1237,2061)  (1312,1878)  (1358,1878)  (1404,1878)  (1406,1924)  (1406,1970)  (1229,1877)  (1191,2092)  (1191,2046)  (1450,1873)  (1452,1919)  (1496,1852)  (1498,1898)
N21  (173,1829)  (127,1874)  (127,1828)  (218,1875)  (173,1783)  (219,1783)  (219,1829)  (125,1782)  (264,1875)  (265,1814)  (310,1895)
N20  (1613,1730)  (1567,1775)  (1567,1729)  (1658,1776)  (1613,1684)  (1659,1684)  (1659,1730)  (1565,1683)  (1608,1821)  (1562,1821)  (1521,1771)  (1704,1776)  (1705,1667)  (1705,1713)  (1519,1725)  (1519,1679)  (1750,1759)  (1751,1667)  (1751,1713)  (1473,1707)
N23  (777,1849)  (731,1886)  (816,1803)  (862,1818)  (685,1899)
N22  (669,1740)  (623,1785)  (623,1739)  (698,1786)  (669,1694)  (715,1694)  (715,1740)  (577,1806)  (674,1648)  (761,1727)